seqId	guideId	guideSeq	offtargetSeq	mismatchPos	mismatchCount	mitOfftargetScore	cfdOfftargetScore	chrom	start	end	strand	locusDesc
 target71_chrXVI_848429_848579	23forw	TAATAAAGATATTAAAGAAAAGG	TAATAAAGATATTAAAGAAAAGG	....................	0	100.0	1.0	chrIV	647384	647406	-	exon:YDR098C-B/YDR098C-A
 target71_chrXVI_848429_848579	23forw	TAATAAAGATATTAAAGAAAAGG	TAATAAAGATATTAAAGAAAAGG	....................	0	100.0	1.0	chrIV	1099784	1099806	+	exon:YDR316W-A/YDR316W-B
 target71_chrXVI_848429_848579	23forw	TAATAAAGATATTAAAGAAAAGG	TAATAAAGATATTAAAGAAAAGG	....................	0	100.0	1.0	chrXVI	848432	848454	+	exon:YPR158W-A/YPR158W-B
 target71_chrXVI_848429_848579	23forw	TAATAAAGATATTAAAGAAAAGG	TAATAAAGATATTAAAGAAAAGG	....................	0	100.0	1.0	chrXIII	188181	188203	+	exon:YML045W-A/YML045W
 target71_chrXVI_848429_848579	23forw	TAATAAAGATATTAAAGAAAAGG	TAATAAAGATATTAAAGAAAAGG	....................	0	100.0	1.0	chrXII	597158	597180	+	exon:YLR227W-A/YLR227W-B
 target71_chrXVI_848429_848579	23forw	TAATAAAGATATTAAAGAAAAGG	TAATAAAGATATTAAAGAAAAGG	....................	0	100.0	1.0	chrVII	819273	819295	-	exon:YGR161C-D/YGR161C-C
 target71_chrXVI_848429_848579	23forw	TAATAAAGATATTAAAGAAAAGG	TAATAAAGATATTAAAGAAAAGG	....................	0	100.0	1.0	chrIV	880185	880207	-	exon:YDR210C-D/YDR210C-C
 target71_chrXVI_848429_848579	23forw	TAATAAAGATATTAAAGAAAAGG	AAACAAAGATAATAAAGAAAGGG	*..*.......*........	3	1.38488888889	0.5176470592	chrXV	440331	440353	-	intergenic:YOR059C-SLD7
 target71_chrXVI_848429_848579	23forw	TAATAAAGATATTAAAGAAAAGG	TAATAAAGATATTAAAGAAAAAG	....................	0	20.0	0.259259259	chrV	445282	445304	-	exon:YER138C/YER137C-A
 target71_chrXVI_848429_848579	23forw	TAATAAAGATATTAAAGAAAAGG	TAATAAAGATATTAAAGAAAAAG	....................	0	20.0	0.259259259	chrXII	216966	216988	-	exon:YLR035C-A
 target71_chrXVI_848429_848579	23forw	TAATAAAGATATTAAAGAAAAGG	TAATAAAGATATTAAAGAAAAAG	....................	0	20.0	0.259259259	chrVIII	545490	545512	-	exon:YHR214C-B/YHR214C-C
 target71_chrXVI_848429_848579	23forw	TAATAAAGATATTAAAGAAAAGG	TAATAAAGATATTAAAGAAAAAG	....................	0	20.0	0.259259259	chrXVI	852515	852537	-	exon:YPR158C-D/YPR158C-C
 target71_chrXVI_848429_848579	23forw	TAATAAAGATATTAAAGAAAAGG	TAATAAAGATATTAAAGAAAAAG	....................	0	20.0	0.259259259	chrV	494382	494404	-	exon:YER160C/YER159C-A
 target71_chrXVI_848429_848579	23forw	TAATAAAGATATTAAAGAAAAGG	TAATAAAGATATTAAAGAAAAAG	....................	0	20.0	0.259259259	chrXIV	98490	98512	-	exon:YNL284C-B/YNL284C-A
 target71_chrXVI_848429_848579	23forw	TAATAAAGATATTAAAGAAAAGG	TAATAAAGATATTAAAGAAAAAG	....................	0	20.0	0.259259259	chrXV	598832	598854	+	exon:YOR142W-A/YOR142W-B
 target71_chrXVI_848429_848579	23forw	TAATAAAGATATTAAAGAAAAGG	TAATAAAGATATTAAAGAAAAAG	....................	0	20.0	0.259259259	chrXVI	806527	806549	-	exon:YPR137C-B/YPR137C-A
 target71_chrXVI_848429_848579	23forw	TAATAAAGATATTAAAGAAAAGG	TAATAAAGATATTAAAGAAAAAG	....................	0	20.0	0.259259259	chrII	225050	225072	+	exon:YBL005W-A/YBL005W-B
 target71_chrXVI_848429_848579	23forw	TAATAAAGATATTAAAGAAAAGG	TAATAAAGATATTAAAGAAAAAG	....................	0	20.0	0.259259259	chrVII	539777	539799	+	exon:YGR027W-A/YGR027W-B
 target71_chrXVI_848429_848579	23forw	TAATAAAGATATTAAAGAAAAGG	TAATAAAGATATTAAAGAAAAAG	....................	0	20.0	0.259259259	chrXIII	200348	200370	+	exon:YML040W/YML039W
 target71_chrXVI_848429_848579	23forw	TAATAAAGATATTAAAGAAAAGG	TAATAAAGATATTAAAGAAAAAG	....................	0	20.0	0.259259259	chrIV	988607	988629	-	exon:YDR261C-D/YDR261C-C
 target71_chrXVI_848429_848579	23forw	TAATAAAGATATTAAAGAAAAGG	TAATAAAGATATTAAAGAAAAAG	....................	0	20.0	0.259259259	chrIV	1210717	1210739	+	exon:YDR365W-A/YDR365W-B
 target71_chrXVI_848429_848579	23forw	TAATAAAGATATTAAAGAAAAGG	TAATAAAGATATTAAAGAAAAAG	....................	0	20.0	0.259259259	chrX	476480	476502	+	exon:YJR026W/YJR027W
 target71_chrXVI_848429_848579	23forw	TAATAAAGATATTAAAGAAAAGG	TAATAAAGATATTAAAGAAAAAG	....................	0	20.0	0.259259259	chrXII	654839	654861	+	intergenic:YLR256W-A-tA(AGC)L
 target71_chrXVI_848429_848579	23forw	TAATAAAGATATTAAAGAAAAGG	TAATAAAGATATTAAAGAAAAAG	....................	0	20.0	0.259259259	chrXVI	60468	60490	+	exon:YPL257W-A/YPL257W-B
 target71_chrXVI_848429_848579	23forw	TAATAAAGATATTAAAGAAAAGG	TAATAAAGATATTAAAGAAAAAG	....................	0	20.0	0.259259259	chrI	162123	162145	-	exon:YAR009C
 target71_chrXVI_848429_848579	23forw	TAATAAAGATATTAAAGAAAAGG	TAATAAAGATATTAAAGAAAAAG	....................	0	20.0	0.259259259	chrXIII	374583	374605	-	exon:YMR050C/YMR051C
 target71_chrXVI_848429_848579	23forw	TAATAAAGATATTAAAGAAAAGG	TAATAAAGATATTAAAGAAAAAG	....................	0	20.0	0.259259259	chrXIII	358885	358907	-	exon:YMR045C/YMR046C
 target71_chrXVI_848429_848579	23forw	TAATAAAGATATTAAAGAAAAGG	TAATAAAGATATTAAAGAAAAAG	....................	0	20.0	0.259259259	chrII	263592	263614	+	exon:YBR012W-A/YBR012W-B
 target71_chrXVI_848429_848579	23forw	TAATAAAGATATTAAAGAAAAGG	TAATAAAGATATTAAAGAAAAAG	....................	0	20.0	0.259259259	chrX	482064	482086	+	exon:YJR028W/YJR029W
 target71_chrXVI_848429_848579	23forw	TAATAAAGATATTAAAGAAAAGG	TAATAAAGATATTAAAGAAAAAG	....................	0	20.0	0.259259259	chrXV	121720	121742	+	exon:YOL103W-A/YOL103W-B
 target71_chrXVI_848429_848579	23forw	TAATAAAGATATTAAAGAAAAGG	TAATAAAGATATTAAAGAAAAAG	....................	0	20.0	0.259259259	chrXIV	523158	523180	+	exon:YNL054W-A/YNL054W-B
 target71_chrXVI_848429_848579	23forw	TAATAAAGATATTAAAGAAAAGG	TAATAAAGATATTAAAGAAAAAG	....................	0	20.0	0.259259259	chrXII	477859	477881	-	exon:YLR157C-B/YLR157C-A
 target71_chrXVI_848429_848579	23forw	TAATAAAGATATTAAAGAAAAGG	CTAAAAATATATTAAAGAAAAGG	**.*...*............	4	1.36494252874	0.185528756783	chrIV	721039	721061	+	exon:YDR133C/YDR134C
 target71_chrXVI_848429_848579	23forw	TAATAAAGATATTAAAGAAAAGG	GGATGAAGATATTAAACAAAGGG	**..*...........*...	4	0.609583333333	0.129636828821	chrXII	174214	174236	-	exon:PPR1
 target71_chrXVI_848429_848579	23forw	TAATAAAGATATTAAAGAAAAGG	GATTGAAGATATTAAGGAAACGG	*.*.*..........*....	4	0.268520666667	0.0934880974256	chrV	451213	451235	-	exon:RTR1
 target71_chrXVI_848429_848579	23forw	TAATAAAGATATTAAAGAAAAGG	TAAAAAATATACTAAATAAAAGG	...*...*...*....*...	4	0.28472943038	0.0704887217724	chrXI	146735	146757	+	intergenic:YKL162C-A-YKL162C
 target71_chrXVI_848429_848579	23forw	TAATAAAGATATTAAAGAAAAGG	TAATTAAGATATCGAATAAAAGG	....*.......**..*...	4	0.0333706364715	0.033492823015	chrIV	1401829	1401851	+	intron:RPL27B
 target71_chrXVI_848429_848579	23forw	TAATAAAGATATTAAAGAAAAGG	TAATAAAGAGAGTACCGAAATGG	.........*.*..**....	4	0.0285103362621	0.0	chrII	32926	32948	+	exon:YBL100W-A/YBL100W-B
 target71_chrXVI_848429_848579	23forw	TAATAAAGATATTAAAGAAAAGG	TAATAAAGAGAGTACCGAAATGG	.........*.*..**....	4	0.0285103362621	0.0	chrXV	973569	973591	+	exon:YOR343W-A/YOR343W-B
 target71_chrXVI_848429_848579	23forw	TAATAAAGATATTAAAGAAAAGG	TAATAAAGAGAGTACCGAAATGG	.........*.*..**....	4	0.0285103362621	0.0	chrVII	571395	571417	-	intergenic:YGR038C-B/YGR038C-A-YGR039W
 target71_chrXVI_848429_848579	23forw	TAATAAAGATATTAAAGAAAAGG	TAATAAAGAGAGTACCGAAATGG	.........*.*..**....	4	0.0285103362621	0.0	chrXII	978396	978418	-	intergenic:tN(GUU)L-TUS1
 target71_chrXVI_848429_848579	23forw	TAATAAAGATATTAAAGAAAAGG	TAATAAAGAGAGTACCGAAATGG	.........*.*..**....	4	0.0285103362621	0.0	chrIV	875103	875125	+	exon:YDR210W-A/YDR210W-B
 target71_chrXVI_848429_848579	23forw	TAATAAAGATATTAAAGAAAAGG	TAATAAAGAGAGTACCGAAATGG	.........*.*..**....	4	0.0285103362621	0.0	chrXV	706719	706741	-	exon:YOR192C-B/YOR192C-A
 target71_chrXVI_848429_848579	23forw	TAATAAAGATATTAAAGAAAAGG	TAATAACGATATCAATAAAAAGG	......*.....*..**...	4	0.025042424381	0.0	chrIV	1473779	1473801	+	exon:SLF1
 target71_chrXVI_848429_848579	23forw	TAATAAAGATATTAAAGAAAAGG	TAATAAAGAGAGTACCGAAATGG	.........*.*..**....	4	0.0285103362621	0.0	chrIV	516343	516365	-	exon:YDR034C-D/YDR034C-C
 target71_chrXVI_848429_848579	23forw	TAATAAAGATATTAAAGAAAAGG	TAATAAAGAGAGTACCGAAATGG	.........*.*..**....	4	0.0285103362621	0.0	chrIII	88093	88115	+	exon:YCL020W/YCL019W
 target71_chrXVI_848429_848579	23forw	TAATAAAGATATTAAAGAAAAGG	TAATAAAGAGAGTACCGAAATGG	.........*.*..**....	4	0.0285103362621	0.0	chrXIV	564687	564709	-	intergenic:tT(AGU)N2-tP(UGG)N2
 target71_chrXVI_848429_848579	23forw	TAATAAAGATATTAAAGAAAAGG	TAATAAAGAGAGTACCGAAATGG	.........*.*..**....	4	0.0285103362621	0.0	chrVII	814729	814751	+	exon:YGR161W-A/YGR161W-B
 target71_chrXVI_848429_848579	23forw	TAATAAAGATATTAAAGAAAAGG	TAATAAAGAGAGTACCGAAATGG	.........*.*..**....	4	0.0285103362621	0.0	chrVI	141195	141217	+	exon:YFL002W-B/YFL002W-A
 target71_chrXVI_848429_848579	23forw	TAATAAAGATATTAAAGAAAAGG	TAATAAAGAGAGTACCGAAATGG	.........*.*..**....	4	0.0285103362621	0.0	chrXII	944474	944496	+	exon:YLR410W-A/YLR410W-B
 target71_chrXVI_848429_848579	23forw	TAATAAAGATATTAAAGAAAAGG	TAATAAAGAGAGTACCGAAATGG	.........*.*..**....	4	0.0285103362621	0.0	chrIV	984453	984475	+	exon:YDR261W-A/YDR261W-B
 target71_chrXVI_848429_848579	83forw	ACTATTGAAAATGAATACTTGGG	ACTATTGAAAATGAATACTTGGG	....................	0	100.0	1.0	chrIV	880125	880147	-	exon:YDR210C-D/YDR210C-C
 target71_chrXVI_848429_848579	83forw	ACTATTGAAAATGAATACTTGGG	ACTATTGAAAATGAATACTTGGG	....................	0	100.0	1.0	chrIV	647324	647346	-	exon:YDR098C-B/YDR098C-A
 target71_chrXVI_848429_848579	83forw	ACTATTGAAAATGAATACTTGGG	ACTATTGAAAATGAATACTTGGG	....................	0	100.0	1.0	chrXVI	806467	806489	-	exon:YPR137C-B/YPR137C-A
 target71_chrXVI_848429_848579	83forw	ACTATTGAAAATGAATACTTGGG	ACTATTGAAAATGAATACTTGGG	....................	0	100.0	1.0	chrI	162063	162085	-	exon:YAR009C
 target71_chrXVI_848429_848579	83forw	ACTATTGAAAATGAATACTTGGG	ACTATTGAAAATGAATACTTGGG	....................	0	100.0	1.0	chrXIII	188241	188263	+	exon:YML045W-A/YML045W
 target71_chrXVI_848429_848579	83forw	ACTATTGAAAATGAATACTTGGG	ACTATTGAAAATGAATACTTGGG	....................	0	100.0	1.0	chrIV	1099844	1099866	+	exon:YDR316W-A/YDR316W-B
 target71_chrXVI_848429_848579	83forw	ACTATTGAAAATGAATACTTGGG	ACTATTGAAAATGAATACTTGGG	....................	0	100.0	1.0	chrXII	597218	597240	+	exon:YLR227W-A/YLR227W-B
 target71_chrXVI_848429_848579	83forw	ACTATTGAAAATGAATACTTGGG	ACTATTGAAAATGAATACTTGGG	....................	0	100.0	1.0	chrVII	819213	819235	-	exon:YGR161C-D/YGR161C-C
 target71_chrXVI_848429_848579	83forw	ACTATTGAAAATGAATACTTGGG	ACTATTGAAAATGAATACTTGGG	....................	0	100.0	1.0	chrXVI	848492	848514	+	exon:YPR158W-A/YPR158W-B
 target71_chrXVI_848429_848579	83forw	ACTATTGAAAATGAATACTTGGG	ACTATTGAAAATGAACACTTGGG	...............*....	1	17.2	0.666666667	chrVI	142029	142051	+	exon:YFL002W-B/YFL002W-A
 target71_chrXVI_848429_848579	83forw	ACTATTGAAAATGAATACTTGGG	ACTATTGAAAATGAACACTTGGG	...............*....	1	17.2	0.666666667	chrIII	88927	88949	+	exon:YCL020W/YCL019W
 target71_chrXVI_848429_848579	83forw	ACTATTGAAAATGAATACTTGGG	ACTATTGAAAATGAACACTTGGG	...............*....	1	17.2	0.666666667	chrXIV	563853	563875	-	intergenic:tT(AGU)N2-tP(UGG)N2
 target71_chrXVI_848429_848579	83forw	ACTATTGAAAATGAATACTTGGG	ACTATTGAAAATGAACACTTGGG	...............*....	1	17.2	0.666666667	chrVII	570561	570583	-	intergenic:YGR038C-B/YGR038C-A-YGR039W
 target71_chrXVI_848429_848579	83forw	ACTATTGAAAATGAATACTTGGG	ACTATTGAAAATGAACACTTGGG	...............*....	1	17.2	0.666666667	chrXV	705885	705907	-	exon:YOR192C-B/YOR192C-A
 target71_chrXVI_848429_848579	83forw	ACTATTGAAAATGAATACTTGGG	ACTATTGAAAATGAACACTTGGG	...............*....	1	17.2	0.666666667	chrXII	977562	977584	-	intergenic:tN(GUU)L-TUS1
 target71_chrXVI_848429_848579	83forw	ACTATTGAAAATGAATACTTGGG	ACTATTGAAAATGAACACTTGGG	...............*....	1	17.2	0.666666667	chrIV	875937	875959	+	exon:YDR210W-A/YDR210W-B
 target71_chrXVI_848429_848579	83forw	ACTATTGAAAATGAATACTTGGG	ACTATTGAAAATGAACACTTGGG	...............*....	1	17.2	0.666666667	chrXII	945308	945330	+	exon:YLR410W-A/YLR410W-B
 target71_chrXVI_848429_848579	83forw	ACTATTGAAAATGAATACTTGGG	ACTATTGAAAATGAACACTTGGG	...............*....	1	17.2	0.666666667	chrVII	815563	815585	+	exon:YGR161W-A/YGR161W-B
 target71_chrXVI_848429_848579	83forw	ACTATTGAAAATGAATACTTGGG	ACTATTGAAAATGAACACTTGGG	...............*....	1	17.2	0.666666667	chrXV	974403	974425	+	exon:YOR343W-A/YOR343W-B
 target71_chrXVI_848429_848579	83forw	ACTATTGAAAATGAATACTTGGG	ACTATTGAAAATGAACACTTGGG	...............*....	1	17.2	0.666666667	chrIV	985287	985309	+	exon:YDR261W-A/YDR261W-B
 target71_chrXVI_848429_848579	83forw	ACTATTGAAAATGAATACTTGGG	ACTATTGAGAATGAACACTTGGG	........*......*....	2	0.745055223881	0.444444444889	chrIV	515509	515531	-	exon:YDR034C-D/YDR034C-C
 target71_chrXVI_848429_848579	83forw	ACTATTGAAAATGAATACTTGGG	ACTATTGAGAATGAACACTTGGG	........*......*....	2	0.745055223881	0.444444444889	chrII	33760	33782	+	exon:YBL100W-A/YBL100W-B
 target71_chrXVI_848429_848579	83forw	ACTATTGAAAATGAATACTTGGG	ACTGCACAAAATGAATACTTGGG	...****.............	4	0.539222870879	0.372395833477	chrXI	114711	114733	+	intergenic:STE3/YKL177W-LST4
 target71_chrXVI_848429_848579	83forw	ACTATTGAAAATGAATACTTGGG	ATTAATGAAAAAGAAAACTTGGG	.*..*......*...*....	4	0.127203797468	0.330578512331	chrVII	248232	248254	-	intergenic:FLC3-YGL138C
 target71_chrXVI_848429_848579	83forw	ACTATTGAAAATGAATACTTGGG	ACTGTTGAAGATGAAAACTTGGG	...*.....*.....*....	3	0.471021596244	0.315656565878	chrII	263652	263674	+	exon:YBR012W-A/YBR012W-B
 target71_chrXVI_848429_848579	83forw	ACTATTGAAAATGAATACTTGGG	ACTGTTGAAGATGAAAACTTGGG	...*.....*.....*....	3	0.471021596244	0.315656565878	chrXIII	200408	200430	+	exon:YML040W/YML039W
 target71_chrXVI_848429_848579	83forw	ACTATTGAAAATGAATACTTGGG	ACTGTTGAAGATGAAAACTTGGG	...*.....*.....*....	3	0.471021596244	0.315656565878	chrXIII	374523	374545	-	exon:YMR050C/YMR051C
 target71_chrXVI_848429_848579	83forw	ACTATTGAAAATGAATACTTGGG	ACTGTTGAAGATGAAAACTTGGG	...*.....*.....*....	3	0.471021596244	0.315656565878	chrIV	1210777	1210799	+	exon:YDR365W-A/YDR365W-B
 target71_chrXVI_848429_848579	83forw	ACTATTGAAAATGAATACTTGGG	ACTGTTGAAGATGAAAACTTGGG	...*.....*.....*....	3	0.471021596244	0.315656565878	chrXV	121780	121802	+	exon:YOL103W-A/YOL103W-B
 target71_chrXVI_848429_848579	83forw	ACTATTGAAAATGAATACTTGGG	ACTGTTGAAGATGAAAACTTGGG	...*.....*.....*....	3	0.471021596244	0.315656565878	chrV	494322	494344	-	exon:YER160C/YER159C-A
 target71_chrXVI_848429_848579	83forw	ACTATTGAAAATGAATACTTGGG	ACTGTTGAAGATGAAAACTTGGG	...*.....*.....*....	3	0.471021596244	0.315656565878	chrXII	216906	216928	-	exon:YLR035C-A
 target71_chrXVI_848429_848579	83forw	ACTATTGAAAATGAATACTTGGG	ACTGTTGAAGATGAAAACTTGGG	...*.....*.....*....	3	0.471021596244	0.315656565878	chrXII	477799	477821	-	exon:YLR157C-B/YLR157C-A
 target71_chrXVI_848429_848579	83forw	ACTATTGAAAATGAATACTTGGG	ACTGTTGAAGATGAAAACTTGGG	...*.....*.....*....	3	0.471021596244	0.315656565878	chrXV	598892	598914	+	exon:YOR142W-A/YOR142W-B
 target71_chrXVI_848429_848579	83forw	ACTATTGAAAATGAATACTTGGG	ACTGTTGAAGATGAAAACTTGGG	...*.....*.....*....	3	0.471021596244	0.315656565878	chrXII	654899	654921	+	intergenic:YLR256W-A-tA(AGC)L
 target71_chrXVI_848429_848579	83forw	ACTATTGAAAATGAATACTTGGG	ACTGTTGAAGATGAAAACTTGGG	...*.....*.....*....	3	0.471021596244	0.315656565878	chrXVI	852455	852477	-	exon:YPR158C-D/YPR158C-C
 target71_chrXVI_848429_848579	83forw	ACTATTGAAAATGAATACTTGGG	ACTGTTGAAGATGAAAACTTGGG	...*.....*.....*....	3	0.471021596244	0.315656565878	chrXIII	358825	358847	-	exon:YMR045C/YMR046C
 target71_chrXVI_848429_848579	83forw	ACTATTGAAAATGAATACTTGGG	ACTGTTGAAGATGAAAACTTGGG	...*.....*.....*....	3	0.471021596244	0.315656565878	chrVII	539837	539859	+	exon:YGR027W-A/YGR027W-B
 target71_chrXVI_848429_848579	83forw	ACTATTGAAAATGAATACTTGGG	ACTGTTGAAGATGAAAACTTGGG	...*.....*.....*....	3	0.471021596244	0.315656565878	chrX	476540	476562	+	exon:YJR026W/YJR027W
 target71_chrXVI_848429_848579	83forw	ACTATTGAAAATGAATACTTGGG	ACTGTTGAAGATGAAAACTTGGG	...*.....*.....*....	3	0.471021596244	0.315656565878	chrXIV	523218	523240	+	exon:YNL054W-A/YNL054W-B
 target71_chrXVI_848429_848579	83forw	ACTATTGAAAATGAATACTTGGG	ACTGTTGAAGATGAAAACTTGGG	...*.....*.....*....	3	0.471021596244	0.315656565878	chrV	445222	445244	-	exon:YER138C/YER137C-A
 target71_chrXVI_848429_848579	83forw	ACTATTGAAAATGAATACTTGGG	ACTGTTGAAGATGAAAACTTGGG	...*.....*.....*....	3	0.471021596244	0.315656565878	chrII	225110	225132	+	exon:YBL005W-A/YBL005W-B
 target71_chrXVI_848429_848579	83forw	ACTATTGAAAATGAATACTTGGG	ACTGTTGAAGATGAAAACTTGGG	...*.....*.....*....	3	0.471021596244	0.315656565878	chrIV	988547	988569	-	exon:YDR261C-D/YDR261C-C
 target71_chrXVI_848429_848579	83forw	ACTATTGAAAATGAATACTTGGG	ACTGTTGAAGATGAAAACTTGGG	...*.....*.....*....	3	0.471021596244	0.315656565878	chrXVI	60528	60550	+	exon:YPL257W-A/YPL257W-B
 target71_chrXVI_848429_848579	83forw	ACTATTGAAAATGAATACTTGGG	ACTGTTGAAGATGAAAACTTGGG	...*.....*.....*....	3	0.471021596244	0.315656565878	chrXIV	98430	98452	-	exon:YNL284C-B/YNL284C-A
 target71_chrXVI_848429_848579	83forw	ACTATTGAAAATGAATACTTGGG	ACTGTTGAAGATGAAAACTTGGG	...*.....*.....*....	3	0.471021596244	0.315656565878	chrX	482124	482146	+	exon:YJR028W/YJR029W
 target71_chrXVI_848429_848579	83forw	ACTATTGAAAATGAATACTTGGG	ACTGTTGATGATGAAAACTTGGG	...*....**.....*....	4	0.14549089462	0.189393939527	chrVIII	545430	545452	-	exon:YHR214C-B/YHR214C-C
 target71_chrXVI_848429_848579	83forw	ACTATTGAAAATGAATACTTGGG	ACTATTGAAAATAAGTGATTTGG	............*.*.**..	4	0.0102130341923	0.057013574531	chrVII	1032594	1032616	+	exon:SLH1
 target71_chrXVI_848429_848579	45rev	ATAGTTGGTTGACTTCTTTGTGG	ATAGTTGGTTGACTTCTTTGTGG	....................	0	100.0	1.0	chrXIII	188223	188245	-	exon:YML045W-A/YML045W
 target71_chrXVI_848429_848579	45rev	ATAGTTGGTTGACTTCTTTGTGG	ATAGTTGGTTGACTTCTTTGTGG	....................	0	100.0	1.0	chrIV	880143	880165	+	exon:YDR210C-D/YDR210C-C
 target71_chrXVI_848429_848579	45rev	ATAGTTGGTTGACTTCTTTGTGG	ATAGTTGGTTGACTTCTTTGTGG	....................	0	100.0	1.0	chrVII	819231	819253	+	exon:YGR161C-D/YGR161C-C
 target71_chrXVI_848429_848579	45rev	ATAGTTGGTTGACTTCTTTGTGG	ATAGTTGGTTGACTTCTTTGTGG	....................	0	100.0	1.0	chrXII	597200	597222	-	exon:YLR227W-A/YLR227W-B
 target71_chrXVI_848429_848579	45rev	ATAGTTGGTTGACTTCTTTGTGG	ATAGTTGGTTGACTTCTTTGTGG	....................	0	100.0	1.0	chrIV	1099826	1099848	-	exon:YDR316W-A/YDR316W-B
 target71_chrXVI_848429_848579	45rev	ATAGTTGGTTGACTTCTTTGTGG	ATAGTTGGTTGACTTCTTTGTGG	....................	0	100.0	1.0	chrXVI	848474	848496	-	exon:YPR158W-A/YPR158W-B
 target71_chrXVI_848429_848579	45rev	ATAGTTGGTTGACTTCTTTGTGG	ATAGTTGGTTGACTTCTTTGTGG	....................	0	100.0	1.0	chrIV	647342	647364	+	exon:YDR098C-B/YDR098C-A
 target71_chrXVI_848429_848579	45rev	ATAGTTGGTTGACTTCTTTGTGG	ATAGTTGGTTGACTTCTTTGTGG	....................	0	100.0	1.0	chrI	162081	162103	+	exon:YAR009C
 target71_chrXVI_848429_848579	45rev	ATAGTTGGTTGACTTCTTTGTGG	ATAGTTGGTTGACTTCTTTGTGG	....................	0	100.0	1.0	chrXVI	806485	806507	+	exon:YPR137C-B/YPR137C-A
 target71_chrXVI_848429_848579	45rev	ATAGTTGGTTGACTTCTTTGTGG	ACAGTTGGTTGACTTCTTTGTGG	.*..................	1	100.0	0.857142857	chrXIV	98448	98470	+	exon:YNL284C-B/YNL284C-A
 target71_chrXVI_848429_848579	45rev	ATAGTTGGTTGACTTCTTTGTGG	ACAGTTGGTTGACTTCTTTGTGG	.*..................	1	100.0	0.857142857	chrXVI	852473	852495	+	exon:YPR158C-D/YPR158C-C
 target71_chrXVI_848429_848579	45rev	ATAGTTGGTTGACTTCTTTGTGG	ACAGTTGATTGACTTCTTTGTGG	.*.....*............	2	6.69014084507	0.857142857	chrVIII	545448	545470	+	exon:YHR214C-B/YHR214C-C
 target71_chrXVI_848429_848579	45rev	ATAGTTGGTTGACTTCTTTGTGG	ACAGTTGATTGACTTCTTTGTGG	.*.....*............	2	6.69014084507	0.857142857	chrX	476522	476544	-	exon:YJR026W/YJR027W
 target71_chrXVI_848429_848579	45rev	ATAGTTGGTTGACTTCTTTGTGG	ACAGTTGATTGACTTCTTTGTGG	.*.....*............	2	6.69014084507	0.857142857	chrXV	598874	598896	-	exon:YOR142W-A/YOR142W-B
 target71_chrXVI_848429_848579	45rev	ATAGTTGGTTGACTTCTTTGTGG	ACAGTTGATTGACTTCTTTGTGG	.*.....*............	2	6.69014084507	0.857142857	chrXIII	200390	200412	-	exon:YML040W/YML039W
 target71_chrXVI_848429_848579	45rev	ATAGTTGGTTGACTTCTTTGTGG	ACAGTTGATTGACTTCTTTGTGG	.*.....*............	2	6.69014084507	0.857142857	chrXV	121762	121784	-	exon:YOL103W-A/YOL103W-B
 target71_chrXVI_848429_848579	45rev	ATAGTTGGTTGACTTCTTTGTGG	ACAGTTGATTGACTTCTTTGTGG	.*.....*............	2	6.69014084507	0.857142857	chrXII	216924	216946	+	exon:YLR035C-A
 target71_chrXVI_848429_848579	45rev	ATAGTTGGTTGACTTCTTTGTGG	ACAGTTGATTGACTTCTTTGTGG	.*.....*............	2	6.69014084507	0.857142857	chrII	263634	263656	-	exon:YBR012W-A/YBR012W-B
 target71_chrXVI_848429_848579	45rev	ATAGTTGGTTGACTTCTTTGTGG	ACAGTTGATTGACTTCTTTGTGG	.*.....*............	2	6.69014084507	0.857142857	chrVII	539819	539841	-	exon:YGR027W-A/YGR027W-B
 target71_chrXVI_848429_848579	45rev	ATAGTTGGTTGACTTCTTTGTGG	ACAGTTGATTGACTTCTTTGTGG	.*.....*............	2	6.69014084507	0.857142857	chrV	494340	494362	+	exon:YER160C/YER159C-A
 target71_chrXVI_848429_848579	45rev	ATAGTTGGTTGACTTCTTTGTGG	ACAGTTGATTGACTTCTTTGTGG	.*.....*............	2	6.69014084507	0.857142857	chrX	482106	482128	-	exon:YJR028W/YJR029W
 target71_chrXVI_848429_848579	45rev	ATAGTTGGTTGACTTCTTTGTGG	ACAGTTGATTGACTTCTTTGTGG	.*.....*............	2	6.69014084507	0.857142857	chrXVI	60510	60532	-	exon:YPL257W-A/YPL257W-B
 target71_chrXVI_848429_848579	45rev	ATAGTTGGTTGACTTCTTTGTGG	ACAGTTGATTGACTTCTTTGTGG	.*.....*............	2	6.69014084507	0.857142857	chrV	445240	445262	+	exon:YER138C/YER137C-A
 target71_chrXVI_848429_848579	45rev	ATAGTTGGTTGACTTCTTTGTGG	ACAGTTGATTGACTTCTTTGTGG	.*.....*............	2	6.69014084507	0.857142857	chrII	225092	225114	-	exon:YBL005W-A/YBL005W-B
 target71_chrXVI_848429_848579	45rev	ATAGTTGGTTGACTTCTTTGTGG	ACAGTTGATTGACTTCTTTGTGG	.*.....*............	2	6.69014084507	0.857142857	chrXII	654881	654903	-	intergenic:YLR256W-A-tA(AGC)L
 target71_chrXVI_848429_848579	45rev	ATAGTTGGTTGACTTCTTTGTGG	ACAGTTGATTGACTTCTTTGTGG	.*.....*............	2	6.69014084507	0.857142857	chrIV	988565	988587	+	exon:YDR261C-D/YDR261C-C
 target71_chrXVI_848429_848579	45rev	ATAGTTGGTTGACTTCTTTGTGG	ACAGTTGATTGACTTCTTTGTGG	.*.....*............	2	6.69014084507	0.857142857	chrXIV	523200	523222	-	exon:YNL054W-A/YNL054W-B
 target71_chrXVI_848429_848579	45rev	ATAGTTGGTTGACTTCTTTGTGG	ACAGTTGATTGACTTCTTTGTGG	.*.....*............	2	6.69014084507	0.857142857	chrXIII	374541	374563	+	exon:YMR050C/YMR051C
 target71_chrXVI_848429_848579	45rev	ATAGTTGGTTGACTTCTTTGTGG	ACAGTTGATTGACTTCTTTGTGG	.*.....*............	2	6.69014084507	0.857142857	chrIV	1210759	1210781	-	exon:YDR365W-A/YDR365W-B
 target71_chrXVI_848429_848579	45rev	ATAGTTGGTTGACTTCTTTGTGG	ACAGTTGATTGACTTCTTTGTGG	.*.....*............	2	6.69014084507	0.857142857	chrXIII	358843	358865	+	exon:YMR045C/YMR046C
 target71_chrXVI_848429_848579	45rev	ATAGTTGGTTGACTTCTTTGTGG	ACAGTTGATTGACTTCTTTGTGG	.*.....*............	2	6.69014084507	0.857142857	chrXII	477817	477839	+	exon:YLR157C-B/YLR157C-A
 target71_chrXVI_848429_848579	82forw	AACTATTGAAAATGAATACTTGG	AACTATTGAAAATGAATACTTGG	....................	0	100.0	1.0	chrXVI	806468	806490	-	exon:YPR137C-B/YPR137C-A
 target71_chrXVI_848429_848579	82forw	AACTATTGAAAATGAATACTTGG	AACTATTGAAAATGAATACTTGG	....................	0	100.0	1.0	chrXIII	188240	188262	+	exon:YML045W-A/YML045W
 target71_chrXVI_848429_848579	82forw	AACTATTGAAAATGAATACTTGG	AACTATTGAAAATGAATACTTGG	....................	0	100.0	1.0	chrXVI	848491	848513	+	exon:YPR158W-A/YPR158W-B
 target71_chrXVI_848429_848579	82forw	AACTATTGAAAATGAATACTTGG	AACTATTGAAAATGAATACTTGG	....................	0	100.0	1.0	chrIV	647325	647347	-	exon:YDR098C-B/YDR098C-A
 target71_chrXVI_848429_848579	82forw	AACTATTGAAAATGAATACTTGG	AACTATTGAAAATGAATACTTGG	....................	0	100.0	1.0	chrI	162064	162086	-	exon:YAR009C
 target71_chrXVI_848429_848579	82forw	AACTATTGAAAATGAATACTTGG	AACTATTGAAAATGAATACTTGG	....................	0	100.0	1.0	chrIV	1099843	1099865	+	exon:YDR316W-A/YDR316W-B
 target71_chrXVI_848429_848579	82forw	AACTATTGAAAATGAATACTTGG	AACTATTGAAAATGAATACTTGG	....................	0	100.0	1.0	chrIV	880126	880148	-	exon:YDR210C-D/YDR210C-C
 target71_chrXVI_848429_848579	82forw	AACTATTGAAAATGAATACTTGG	AACTATTGAAAATGAATACTTGG	....................	0	100.0	1.0	chrXII	597217	597239	+	exon:YLR227W-A/YLR227W-B
 target71_chrXVI_848429_848579	82forw	AACTATTGAAAATGAATACTTGG	AACTATTGAAAATGAATACTTGG	....................	0	100.0	1.0	chrVII	819214	819236	-	exon:YGR161C-D/YGR161C-C
 target71_chrXVI_848429_848579	82forw	AACTATTGAAAATGAATACTTGG	AACTATTGAAAATGAACACTTGG	................*...	1	38.5	0.705882353	chrVI	142028	142050	+	exon:YFL002W-B/YFL002W-A
 target71_chrXVI_848429_848579	82forw	AACTATTGAAAATGAATACTTGG	AACTATTGAAAATGAACACTTGG	................*...	1	38.5	0.705882353	chrXIV	563854	563876	-	intergenic:tT(AGU)N2-tP(UGG)N2
 target71_chrXVI_848429_848579	82forw	AACTATTGAAAATGAATACTTGG	AACTATTGAAAATGAACACTTGG	................*...	1	38.5	0.705882353	chrIV	985286	985308	+	exon:YDR261W-A/YDR261W-B
 target71_chrXVI_848429_848579	82forw	AACTATTGAAAATGAATACTTGG	AACTATTGAAAATGAACACTTGG	................*...	1	38.5	0.705882353	chrIV	875936	875958	+	exon:YDR210W-A/YDR210W-B
 target71_chrXVI_848429_848579	82forw	AACTATTGAAAATGAATACTTGG	AACTATTGAAAATGAACACTTGG	................*...	1	38.5	0.705882353	chrXV	705886	705908	-	exon:YOR192C-B/YOR192C-A
 target71_chrXVI_848429_848579	82forw	AACTATTGAAAATGAATACTTGG	AACTATTGAAAATGAACACTTGG	................*...	1	38.5	0.705882353	chrVII	815562	815584	+	exon:YGR161W-A/YGR161W-B
 target71_chrXVI_848429_848579	82forw	AACTATTGAAAATGAATACTTGG	AACTATTGAAAATGAACACTTGG	................*...	1	38.5	0.705882353	chrIII	88926	88948	+	exon:YCL020W/YCL019W
 target71_chrXVI_848429_848579	82forw	AACTATTGAAAATGAATACTTGG	AACTATTGAAAATGAACACTTGG	................*...	1	38.5	0.705882353	chrVII	570562	570584	-	intergenic:YGR038C-B/YGR038C-A-YGR039W
 target71_chrXVI_848429_848579	82forw	AACTATTGAAAATGAATACTTGG	AACTATTGAAAATGAACACTTGG	................*...	1	38.5	0.705882353	chrXII	945307	945329	+	exon:YLR410W-A/YLR410W-B
 target71_chrXVI_848429_848579	82forw	AACTATTGAAAATGAATACTTGG	AACTATTGAAAATGAACACTTGG	................*...	1	38.5	0.705882353	chrXII	977563	977585	-	intergenic:tN(GUU)L-TUS1
 target71_chrXVI_848429_848579	82forw	AACTATTGAAAATGAATACTTGG	AACTATTGAAAATGAACACTTGG	................*...	1	38.5	0.705882353	chrXV	974402	974424	+	exon:YOR343W-A/YOR343W-B
 target71_chrXVI_848429_848579	82forw	AACTATTGAAAATGAATACTTGG	AACTATTGAGAATGAACACTTGG	.........*......*...	2	2.5138488806	0.392156863092	chrII	33759	33781	+	exon:YBL100W-A/YBL100W-B
 target71_chrXVI_848429_848579	82forw	AACTATTGAAAATGAATACTTGG	AACTATTGAGAATGAACACTTGG	.........*......*...	2	2.5138488806	0.392156863092	chrIV	515510	515532	-	exon:YDR034C-D/YDR034C-C
 target71_chrXVI_848429_848579	82forw	AACTATTGAAAATGAATACTTGG	AACTGTTGAAGATGAAAACTTGG	....*.....*.....*...	3	0.635340375587	0.249599999844	chrII	263651	263673	+	exon:YBR012W-A/YBR012W-B
 target71_chrXVI_848429_848579	82forw	AACTATTGAAAATGAATACTTGG	AACTGTTGAAGATGAAAACTTGG	....*.....*.....*...	3	0.635340375587	0.249599999844	chrXIII	358826	358848	-	exon:YMR045C/YMR046C
 target71_chrXVI_848429_848579	82forw	AACTATTGAAAATGAATACTTGG	AACTGTTGAAGATGAAAACTTGG	....*.....*.....*...	3	0.635340375587	0.249599999844	chrV	445223	445245	-	exon:YER138C/YER137C-A
 target71_chrXVI_848429_848579	82forw	AACTATTGAAAATGAATACTTGG	AACTGTTGAAGATGAAAACTTGG	....*.....*.....*...	3	0.635340375587	0.249599999844	chrXII	477800	477822	-	exon:YLR157C-B/YLR157C-A
 target71_chrXVI_848429_848579	82forw	AACTATTGAAAATGAATACTTGG	AACTGTTGAAGATGAAAACTTGG	....*.....*.....*...	3	0.635340375587	0.249599999844	chrX	482123	482145	+	exon:YJR028W/YJR029W
 target71_chrXVI_848429_848579	82forw	AACTATTGAAAATGAATACTTGG	AACTGTTGAAGATGAAAACTTGG	....*.....*.....*...	3	0.635340375587	0.249599999844	chrVII	539836	539858	+	exon:YGR027W-A/YGR027W-B
 target71_chrXVI_848429_848579	82forw	AACTATTGAAAATGAATACTTGG	AACTGTTGAAGATGAAAACTTGG	....*.....*.....*...	3	0.635340375587	0.249599999844	chrX	476539	476561	+	exon:YJR026W/YJR027W
 target71_chrXVI_848429_848579	82forw	AACTATTGAAAATGAATACTTGG	AACTGTTGAAGATGAAAACTTGG	....*.....*.....*...	3	0.635340375587	0.249599999844	chrIV	1210776	1210798	+	exon:YDR365W-A/YDR365W-B
 target71_chrXVI_848429_848579	82forw	AACTATTGAAAATGAATACTTGG	AACTGTTGAAGATGAAAACTTGG	....*.....*.....*...	3	0.635340375587	0.249599999844	chrXV	598891	598913	+	exon:YOR142W-A/YOR142W-B
 target71_chrXVI_848429_848579	82forw	AACTATTGAAAATGAATACTTGG	AACTGTTGAAGATGAAAACTTGG	....*.....*.....*...	3	0.635340375587	0.249599999844	chrXVI	60527	60549	+	exon:YPL257W-A/YPL257W-B
 target71_chrXVI_848429_848579	82forw	AACTATTGAAAATGAATACTTGG	AACTGTTGAAGATGAAAACTTGG	....*.....*.....*...	3	0.635340375587	0.249599999844	chrII	225109	225131	+	exon:YBL005W-A/YBL005W-B
 target71_chrXVI_848429_848579	82forw	AACTATTGAAAATGAATACTTGG	AACTGTTGAAGATGAAAACTTGG	....*.....*.....*...	3	0.635340375587	0.249599999844	chrXIV	523217	523239	+	exon:YNL054W-A/YNL054W-B
 target71_chrXVI_848429_848579	82forw	AACTATTGAAAATGAATACTTGG	AACTGTTGAAGATGAAAACTTGG	....*.....*.....*...	3	0.635340375587	0.249599999844	chrXII	216907	216929	-	exon:YLR035C-A
 target71_chrXVI_848429_848579	82forw	AACTATTGAAAATGAATACTTGG	AACTGTTGAAGATGAAAACTTGG	....*.....*.....*...	3	0.635340375587	0.249599999844	chrXIV	98431	98453	-	exon:YNL284C-B/YNL284C-A
 target71_chrXVI_848429_848579	82forw	AACTATTGAAAATGAATACTTGG	AACTGTTGAAGATGAAAACTTGG	....*.....*.....*...	3	0.635340375587	0.249599999844	chrXV	121779	121801	+	exon:YOL103W-A/YOL103W-B
 target71_chrXVI_848429_848579	82forw	AACTATTGAAAATGAATACTTGG	AACTGTTGAAGATGAAAACTTGG	....*.....*.....*...	3	0.635340375587	0.249599999844	chrXVI	852456	852478	-	exon:YPR158C-D/YPR158C-C
 target71_chrXVI_848429_848579	82forw	AACTATTGAAAATGAATACTTGG	AACTGTTGAAGATGAAAACTTGG	....*.....*.....*...	3	0.635340375587	0.249599999844	chrV	494323	494345	-	exon:YER160C/YER159C-A
 target71_chrXVI_848429_848579	82forw	AACTATTGAAAATGAATACTTGG	AACTGTTGAAGATGAAAACTTGG	....*.....*.....*...	3	0.635340375587	0.249599999844	chrXIII	374524	374546	-	exon:YMR050C/YMR051C
 target71_chrXVI_848429_848579	82forw	AACTATTGAAAATGAATACTTGG	AACTGTTGAAGATGAAAACTTGG	....*.....*.....*...	3	0.635340375587	0.249599999844	chrIV	988548	988570	-	exon:YDR261C-D/YDR261C-C
 target71_chrXVI_848429_848579	82forw	AACTATTGAAAATGAATACTTGG	AACTGTTGAAGATGAAAACTTGG	....*.....*.....*...	3	0.635340375587	0.249599999844	chrXIII	200407	200429	+	exon:YML040W/YML039W
 target71_chrXVI_848429_848579	82forw	AACTATTGAAAATGAATACTTGG	AACTGTTGAAGATGAAAACTTGG	....*.....*.....*...	3	0.635340375587	0.249599999844	chrXII	654898	654920	+	intergenic:YLR256W-A-tA(AGC)L
 target71_chrXVI_848429_848579	82forw	AACTATTGAAAATGAATACTTGG	AACTGTTGATGATGAAAACTTGG	....*....**.....*...	4	0.295814780459	0.220235293936	chrVIII	545431	545453	-	exon:YHR214C-B/YHR214C-C
 target71_chrXVI_848429_848579	82forw	AACTATTGAAAATGAATACTTGG	AACTATTTAAAACGAATAATAGG	.......*....*.....*.	3	0.34314	0.211466165569	chrXV	310248	310270	+	intergenic:MDM12-COQ10
 target71_chrXVI_848429_848579	82forw	AACTATTGAAAATGAATACTTGG	AAGTATTGCACATGAACACTAGG	..*.....*.*.....*...	4	0.193498839553	0.0806722688538	chrIII	196199	196221	-	exon:PHO87
 target71_chrXVI_848429_848579	82forw	AACTATTGAAAATGAATACTTGG	AACTAGTGAAAATGTAAACCAGG	.....*........*.*..*	4	0.0391285252927	0.00554112553905	chrXIV	392666	392688	-	intergenic:ESBP6-NAF1
 target71_chrXVI_848429_848579	60rev	AAGTATTCATTTTCAATAGTTGG	AAGTATTCATTTTCAATAGTTGG	....................	0	100.0	1.0	chrVII	819216	819238	+	exon:YGR161C-D/YGR161C-C
 target71_chrXVI_848429_848579	60rev	AAGTATTCATTTTCAATAGTTGG	AAGTATTCATTTTCAATAGTTGG	....................	0	100.0	1.0	chrXIII	188238	188260	-	exon:YML045W-A/YML045W
 target71_chrXVI_848429_848579	60rev	AAGTATTCATTTTCAATAGTTGG	AAGTATTCATTTTCAATAGTTGG	....................	0	100.0	1.0	chrIV	647327	647349	+	exon:YDR098C-B/YDR098C-A
 target71_chrXVI_848429_848579	60rev	AAGTATTCATTTTCAATAGTTGG	AAGTATTCATTTTCAATAGTTGG	....................	0	100.0	1.0	chrXVI	806470	806492	+	exon:YPR137C-B/YPR137C-A
 target71_chrXVI_848429_848579	60rev	AAGTATTCATTTTCAATAGTTGG	AAGTATTCATTTTCAATAGTTGG	....................	0	100.0	1.0	chrIV	880128	880150	+	exon:YDR210C-D/YDR210C-C
 target71_chrXVI_848429_848579	60rev	AAGTATTCATTTTCAATAGTTGG	AAGTATTCATTTTCAATAGTTGG	....................	0	100.0	1.0	chrXII	597215	597237	-	exon:YLR227W-A/YLR227W-B
 target71_chrXVI_848429_848579	60rev	AAGTATTCATTTTCAATAGTTGG	AAGTATTCATTTTCAATAGTTGG	....................	0	100.0	1.0	chrIV	1099841	1099863	-	exon:YDR316W-A/YDR316W-B
 target71_chrXVI_848429_848579	60rev	AAGTATTCATTTTCAATAGTTGG	AAGTATTCATTTTCAATAGTTGG	....................	0	100.0	1.0	chrXVI	848489	848511	-	exon:YPR158W-A/YPR158W-B
 target71_chrXVI_848429_848579	60rev	AAGTATTCATTTTCAATAGTTGG	AAGTATTCATTTTCAATAGTTGG	....................	0	100.0	1.0	chrI	162066	162088	+	exon:YAR009C
 target71_chrXVI_848429_848579	60rev	AAGTATTCATTTTCAATAGTTGG	AAGTGTTCATTTTCAATAGTTGG	....*...............	1	100.0	0.72	chrXII	945305	945327	-	exon:YLR410W-A/YLR410W-B
 target71_chrXVI_848429_848579	60rev	AAGTATTCATTTTCAATAGTTGG	AAGTGTTCATTTTCAATAGTTGG	....*...............	1	100.0	0.72	chrIV	985284	985306	-	exon:YDR261W-A/YDR261W-B
 target71_chrXVI_848429_848579	60rev	AAGTATTCATTTTCAATAGTTGG	AAGTGTTCATTTTCAATAGTTGG	....*...............	1	100.0	0.72	chrVII	815560	815582	-	exon:YGR161W-A/YGR161W-B
 target71_chrXVI_848429_848579	60rev	AAGTATTCATTTTCAATAGTTGG	AAGTGTTCATTTTCAATAGTTGG	....*...............	1	100.0	0.72	chrIV	875934	875956	-	exon:YDR210W-A/YDR210W-B
 target71_chrXVI_848429_848579	60rev	AAGTATTCATTTTCAATAGTTGG	AAGTGTTCATTTTCAATAGTTGG	....*...............	1	100.0	0.72	chrXIV	563856	563878	+	intergenic:tT(AGU)N2-tP(UGG)N2
 target71_chrXVI_848429_848579	60rev	AAGTATTCATTTTCAATAGTTGG	AAGTGTTCATTTTCAATAGTTGG	....*...............	1	100.0	0.72	chrXV	705888	705910	+	exon:YOR192C-B/YOR192C-A
 target71_chrXVI_848429_848579	60rev	AAGTATTCATTTTCAATAGTTGG	AAGTGTTCATTTTCAATAGTTGG	....*...............	1	100.0	0.72	chrXII	977565	977587	+	intergenic:tN(GUU)L-TUS1
 target71_chrXVI_848429_848579	60rev	AAGTATTCATTTTCAATAGTTGG	AAGTGTTCATTTTCAATAGTTGG	....*...............	1	100.0	0.72	chrXV	974400	974422	-	exon:YOR343W-A/YOR343W-B
 target71_chrXVI_848429_848579	60rev	AAGTATTCATTTTCAATAGTTGG	AAGTGTTCATTTTCAATAGTTGG	....*...............	1	100.0	0.72	chrVI	142026	142048	-	exon:YFL002W-B/YFL002W-A
 target71_chrXVI_848429_848579	60rev	AAGTATTCATTTTCAATAGTTGG	AAGTGTTCATTTTCAATAGTTGG	....*...............	1	100.0	0.72	chrVII	570564	570586	+	intergenic:YGR038C-B/YGR038C-A-YGR039W
 target71_chrXVI_848429_848579	60rev	AAGTATTCATTTTCAATAGTTGG	AAGTGTTCATTTTCAATAGTTGG	....*...............	1	100.0	0.72	chrIII	88924	88946	-	exon:YCL020W/YCL019W
 target71_chrXVI_848429_848579	60rev	AAGTATTCATTTTCAATAGTTGG	AAGTGTTCATTCTCAATAGTTGG	....*......*........	2	3.48805970149	0.68210526312	chrII	33757	33779	-	exon:YBL100W-A/YBL100W-B
 target71_chrXVI_848429_848579	60rev	AAGTATTCATTTTCAATAGTTGG	AAGTGTTCATTCTCAATAGTTGG	....*......*........	2	3.48805970149	0.68210526312	chrIV	515512	515534	+	exon:YDR034C-D/YDR034C-C
 target71_chrXVI_848429_848579	60rev	AAGTATTCATTTTCAATAGTTGG	GTAAATTCATTTTCAATAGTGGG	****................	4	1.28667582418	0.259740259539	chrIII	167839	167861	+	exon:RHB1
 target71_chrXVI_848429_848579	60rev	AAGTATTCATTTTCAATAGTTGG	AAGTTTTCATCTTCAACAGTTGG	....*.....*.....*...	3	0.635340375587	0.171122994923	chrXVI	852458	852480	+	exon:YPR158C-D/YPR158C-C
 target71_chrXVI_848429_848579	60rev	AAGTATTCATTTTCAATAGTTGG	AAGTTTTCATCTTCAACAGTTGG	....*.....*.....*...	3	0.635340375587	0.171122994923	chrXIV	98433	98455	+	exon:YNL284C-B/YNL284C-A
 target71_chrXVI_848429_848579	60rev	AAGTATTCATTTTCAATAGTTGG	AAGTGCTCATCTGCAATAGTAGG	....**....*.*.......	4	0.177367354526	0.113833992046	chrII	42487	42509	-	exon:BRN1
 target71_chrXVI_848429_848579	60rev	AAGTATTCATTTTCAATAGTTGG	AAGTTTTCACATTCAAAAGTAGG	....*....**.....*...	4	0.295814780459	0.0775757575564	chrXII	629040	629062	+	exon:IRC20
 target71_chrXVI_848429_848579	120rev	TTGAATTTATTACTCTTTTAGGG	TTGAATTTATTACTCTTTTAGGG	....................	0	100.0	1.0	chrIV	647267	647289	+	exon:YDR098C-B/YDR098C-A
 target71_chrXVI_848429_848579	120rev	TTGAATTTATTACTCTTTTAGGG	TTGAATTTATTACTCTTTTAGGG	....................	0	100.0	1.0	chrVII	819156	819178	+	exon:YGR161C-D/YGR161C-C
 target71_chrXVI_848429_848579	120rev	TTGAATTTATTACTCTTTTAGGG	TTGAATTTATTACTCTTTTAGGG	....................	0	100.0	1.0	chrXV	598949	598971	-	exon:YOR142W-A/YOR142W-B
 target71_chrXVI_848429_848579	120rev	TTGAATTTATTACTCTTTTAGGG	TTGAATTTATTACTCTTTTAGGG	....................	0	100.0	1.0	chrXIII	188298	188320	-	exon:YML045W-A/YML045W
 target71_chrXVI_848429_848579	120rev	TTGAATTTATTACTCTTTTAGGG	TTGAATTTATTACTCTTTTAGGG	....................	0	100.0	1.0	chrXIV	523275	523297	-	exon:YNL054W-A/YNL054W-B
 target71_chrXVI_848429_848579	120rev	TTGAATTTATTACTCTTTTAGGG	TTGAATTTATTACTCTTTTAGGG	....................	0	100.0	1.0	chrXVI	848549	848571	-	exon:YPR158W-A/YPR158W-B
 target71_chrXVI_848429_848579	120rev	TTGAATTTATTACTCTTTTAGGG	TTGAATTTATTACTCTTTTAGGG	....................	0	100.0	1.0	chrII	225167	225189	-	exon:YBL005W-A/YBL005W-B
 target71_chrXVI_848429_848579	120rev	TTGAATTTATTACTCTTTTAGGG	TTGAATTTATTACTCTTTTAGGG	....................	0	100.0	1.0	chrIV	1099901	1099923	-	exon:YDR316W-A/YDR316W-B
 target71_chrXVI_848429_848579	120rev	TTGAATTTATTACTCTTTTAGGG	TTGAATTTATTACTCTTTTAGGG	....................	0	100.0	1.0	chrXIII	358768	358790	+	exon:YMR045C/YMR046C
 target71_chrXVI_848429_848579	120rev	TTGAATTTATTACTCTTTTAGGG	TTGAATTTATTACTCTTTTAGGG	....................	0	100.0	1.0	chrII	263709	263731	-	exon:YBR012W-A/YBR012W-B
 target71_chrXVI_848429_848579	120rev	TTGAATTTATTACTCTTTTAGGG	TTGAATTTATTACTCTTTTGGGG	...................*	1	41.7	0.764705882	chrVIII	545373	545395	+	exon:YHR214C-B/YHR214C-C
 target71_chrXVI_848429_848579	120rev	TTGAATTTATTACTCTTTTAGGG	TTGAATTTATTACTCTTTTGGGG	...................*	1	41.7	0.764705882	chrXVI	852398	852420	+	exon:YPR158C-D/YPR158C-C
 target71_chrXVI_848429_848579	120rev	TTGAATTTATTACTCTTTTAGGG	TTGAATTTATTACTCTTTTGGGG	...................*	1	41.7	0.764705882	chrXIV	98373	98395	+	exon:YNL284C-B/YNL284C-A
 target71_chrXVI_848429_848579	120rev	TTGAATTTATTACTCTTTTAGGG	TTGAATTTATTACTCTTTTGGGG	...................*	1	41.7	0.764705882	chrXIII	374466	374488	+	exon:YMR050C/YMR051C
 target71_chrXVI_848429_848579	120rev	TTGAATTTATTACTCTTTTAGGG	TTGAATTTATTACTCTTTTGGGG	...................*	1	41.7	0.764705882	chrXII	216849	216871	+	exon:YLR035C-A
 target71_chrXVI_848429_848579	120rev	TTGAATTTATTACTCTTTTAGGG	TTGAATTTATTACTCTTTTGGGG	...................*	1	41.7	0.764705882	chrV	494265	494287	+	exon:YER160C/YER159C-A
 target71_chrXVI_848429_848579	120rev	TTGAATTTATTACTCTTTTAGGG	TTGAGTTTATTACTCTTTTAGGG	....*...............	1	100.0	0.72	chrXIII	200465	200487	-	exon:YML040W/YML039W
 target71_chrXVI_848429_848579	120rev	TTGAATTTATTACTCTTTTAGGG	TTGAGTTTATTACTCTTTTAGGG	....*...............	1	100.0	0.72	chrIV	880068	880090	+	exon:YDR210C-D/YDR210C-C
 target71_chrXVI_848429_848579	120rev	TTGAATTTATTACTCTTTTAGGG	TTGAGTTTATTACTCTTTTAGGG	....*...............	1	100.0	0.72	chrXVI	806410	806432	+	exon:YPR137C-B/YPR137C-A
 target71_chrXVI_848429_848579	120rev	TTGAATTTATTACTCTTTTAGGG	TTGAGTTTATTACTCTTTTAGGG	....*...............	1	100.0	0.72	chrXII	597275	597297	-	exon:YLR227W-A/YLR227W-B
 target71_chrXVI_848429_848579	120rev	TTGAATTTATTACTCTTTTAGGG	TTGAGTTTATTACTCTTTTAGGG	....*...............	1	100.0	0.72	chrX	476597	476619	-	exon:YJR026W/YJR027W
 target71_chrXVI_848429_848579	120rev	TTGAATTTATTACTCTTTTAGGG	TTGAGTTTATTACTCTTTTAGGG	....*...............	1	100.0	0.72	chrIV	988490	988512	+	exon:YDR261C-D/YDR261C-C
 target71_chrXVI_848429_848579	120rev	TTGAATTTATTACTCTTTTAGGG	TTGAGTTTATTACTCTTTTAGGG	....*...............	1	100.0	0.72	chrIV	1210834	1210856	-	exon:YDR365W-A/YDR365W-B
 target71_chrXVI_848429_848579	120rev	TTGAATTTATTACTCTTTTAGGG	TTGAGTTTATTACTCTTTTAGGG	....*...............	1	100.0	0.72	chrXVI	60585	60607	-	exon:YPL257W-A/YPL257W-B
 target71_chrXVI_848429_848579	120rev	TTGAATTTATTACTCTTTTAGGG	TTGAGTTTATTACTCTTTTAGGG	....*...............	1	100.0	0.72	chrXV	121837	121859	-	exon:YOL103W-A/YOL103W-B
 target71_chrXVI_848429_848579	120rev	TTGAATTTATTACTCTTTTAGGG	TTGAGTTTATTACTCTTTTAGGG	....*...............	1	100.0	0.72	chrVII	539894	539916	-	exon:YGR027W-A/YGR027W-B
 target71_chrXVI_848429_848579	120rev	TTGAATTTATTACTCTTTTAGGG	TTGAGTTTATTACTCTTTTAGGG	....*...............	1	100.0	0.72	chrV	445165	445187	+	exon:YER138C/YER137C-A
 target71_chrXVI_848429_848579	120rev	TTGAATTTATTACTCTTTTAGGG	TTGAGTTTATTACTCTTTTAGGG	....*...............	1	100.0	0.72	chrXII	654956	654978	-	intergenic:YLR256W-A-tA(AGC)L
 target71_chrXVI_848429_848579	120rev	TTGAATTTATTACTCTTTTAGGG	TTGAGTTTATTACTCTTTTAGGG	....*...............	1	100.0	0.72	chrXII	477742	477764	+	exon:YLR157C-B/YLR157C-A
 target71_chrXVI_848429_848579	120rev	TTGAATTTATTACTCTTTTAGGG	TTGAGTTTATTACTCTTTTAGGG	....*...............	1	100.0	0.72	chrI	162006	162028	+	exon:YAR009C
 target71_chrXVI_848429_848579	120rev	TTGAATTTATTACTCTTTTAGGG	TTGAGTTTATTACTCTTTTAGGG	....*...............	1	100.0	0.72	chrX	482181	482203	-	exon:YJR028W/YJR029W
 target71_chrXVI_848429_848579	120rev	TTGAATTTATTACTCTTTTAGGG	TTGAACTTATTATTTTTTTTAGG	.....*......*.*....*	4	0.0393317903592	0.0254545455793	chrXV	896650	896672	-	intergenic:SNU66-YOR309C/NOP58
 target71_chrXVI_848429_848579	120rev	TTGAATTTATTACTCTTTTAGGG	TTGAGTTTATTACTTTTTTAGGA	....*.........*.....	2	0.462909090909	0.00333333332867	chrXV	974460	974482	-	exon:YOR343W-A/YOR343W-B
 target71_chrXVI_848429_848579	120rev	TTGAATTTATTACTCTTTTAGGG	TTGAGTTTATTACTTTTTTAGGA	....*.........*.....	2	0.462909090909	0.00333333332867	chrXII	977505	977527	+	intergenic:tN(GUU)L-TUS1
 target71_chrXVI_848429_848579	120rev	TTGAATTTATTACTCTTTTAGGG	TTGAGTTTATTACTTTTTTAGGA	....*.........*.....	2	0.462909090909	0.00333333332867	chrVI	142086	142108	-	exon:YFL002W-B/YFL002W-A
 target71_chrXVI_848429_848579	120rev	TTGAATTTATTACTCTTTTAGGG	TTGAGTTTATTACTTTTTTAGGA	....*.........*.....	2	0.462909090909	0.00333333332867	chrXV	705828	705850	+	exon:YOR192C-B/YOR192C-A
 target71_chrXVI_848429_848579	120rev	TTGAATTTATTACTCTTTTAGGG	TTGAGTTTATTACTTTTTTAGGA	....*.........*.....	2	0.462909090909	0.00333333332867	chrIV	985344	985366	-	exon:YDR261W-A/YDR261W-B
 target71_chrXVI_848429_848579	120rev	TTGAATTTATTACTCTTTTAGGG	TTGAGTTTATTACTTTTTTAGGA	....*.........*.....	2	0.462909090909	0.00333333332867	chrIII	88984	89006	-	exon:YCL020W/YCL019W
 target71_chrXVI_848429_848579	120rev	TTGAATTTATTACTCTTTTAGGG	TTGAGTTTATTACTTTTTTAGGA	....*.........*.....	2	0.462909090909	0.00333333332867	chrIV	875994	876016	-	exon:YDR210W-A/YDR210W-B
 target71_chrXVI_848429_848579	120rev	TTGAATTTATTACTCTTTTAGGG	TTGAGTTTATTACTTTTTTAGGA	....*.........*.....	2	0.462909090909	0.00333333332867	chrVII	815620	815642	-	exon:YGR161W-A/YGR161W-B
 target71_chrXVI_848429_848579	120rev	TTGAATTTATTACTCTTTTAGGG	TTGAGTTTATTACTTTTTTAGGA	....*.........*.....	2	0.462909090909	0.00333333332867	chrVII	570504	570526	+	intergenic:YGR038C-B/YGR038C-A-YGR039W
 target71_chrXVI_848429_848579	120rev	TTGAATTTATTACTCTTTTAGGG	TTGAGTTTATTACTTTTTTAGGA	....*.........*.....	2	0.462909090909	0.00333333332867	chrXIV	563796	563818	+	intergenic:tT(AGU)N2-tP(UGG)N2
 target71_chrXVI_848429_848579	120rev	TTGAATTTATTACTCTTTTAGGG	TTGAGTTTATTACTTTTTTAGGA	....*.........*.....	2	0.462909090909	0.00333333332867	chrXII	945365	945387	-	exon:YLR410W-A/YLR410W-B
 target71_chrXVI_848429_848579	121rev	ATTGAATTTATTACTCTTTTAGG	ATTGAATTTATTACTCTTTTAGG	....................	0	100.0	1.0	chrVII	819155	819177	+	exon:YGR161C-D/YGR161C-C
 target71_chrXVI_848429_848579	121rev	ATTGAATTTATTACTCTTTTAGG	ATTGAATTTATTACTCTTTTAGG	....................	0	100.0	1.0	chrXIII	188299	188321	-	exon:YML045W-A/YML045W
 target71_chrXVI_848429_848579	121rev	ATTGAATTTATTACTCTTTTAGG	ATTGAATTTATTACTCTTTTGGG	....................	0	100.0	1.0	chrXVI	852397	852419	+	exon:YPR158C-D/YPR158C-C
 target71_chrXVI_848429_848579	121rev	ATTGAATTTATTACTCTTTTAGG	ATTGAATTTATTACTCTTTTAGG	....................	0	100.0	1.0	chrII	225168	225190	-	exon:YBL005W-A/YBL005W-B
 target71_chrXVI_848429_848579	121rev	ATTGAATTTATTACTCTTTTAGG	ATTGAATTTATTACTCTTTTAGG	....................	0	100.0	1.0	chrIV	1099902	1099924	-	exon:YDR316W-A/YDR316W-B
 target71_chrXVI_848429_848579	121rev	ATTGAATTTATTACTCTTTTAGG	ATTGAATTTATTACTCTTTTGGG	....................	0	100.0	1.0	chrVIII	545372	545394	+	exon:YHR214C-B/YHR214C-C
 target71_chrXVI_848429_848579	121rev	ATTGAATTTATTACTCTTTTAGG	ATTGAATTTATTACTCTTTTAGG	....................	0	100.0	1.0	chrXIII	358767	358789	+	exon:YMR045C/YMR046C
 target71_chrXVI_848429_848579	121rev	ATTGAATTTATTACTCTTTTAGG	ATTGAATTTATTACTCTTTTGGG	....................	0	100.0	1.0	chrXIII	374465	374487	+	exon:YMR050C/YMR051C
 target71_chrXVI_848429_848579	121rev	ATTGAATTTATTACTCTTTTAGG	ATTGAATTTATTACTCTTTTAGG	....................	0	100.0	1.0	chrIV	647266	647288	+	exon:YDR098C-B/YDR098C-A
 target71_chrXVI_848429_848579	121rev	ATTGAATTTATTACTCTTTTAGG	ATTGAATTTATTACTCTTTTGGG	....................	0	100.0	1.0	chrV	494264	494286	+	exon:YER160C/YER159C-A
 target71_chrXVI_848429_848579	121rev	ATTGAATTTATTACTCTTTTAGG	ATTGAATTTATTACTCTTTTAGG	....................	0	100.0	1.0	chrXVI	848550	848572	-	exon:YPR158W-A/YPR158W-B
 target71_chrXVI_848429_848579	121rev	ATTGAATTTATTACTCTTTTAGG	ATTGAATTTATTACTCTTTTAGG	....................	0	100.0	1.0	chrXV	598950	598972	-	exon:YOR142W-A/YOR142W-B
 target71_chrXVI_848429_848579	121rev	ATTGAATTTATTACTCTTTTAGG	ATTGAATTTATTACTCTTTTGGG	....................	0	100.0	1.0	chrXII	216848	216870	+	exon:YLR035C-A
 target71_chrXVI_848429_848579	121rev	ATTGAATTTATTACTCTTTTAGG	ATTGAATTTATTACTCTTTTAGG	....................	0	100.0	1.0	chrII	263710	263732	-	exon:YBR012W-A/YBR012W-B
 target71_chrXVI_848429_848579	121rev	ATTGAATTTATTACTCTTTTAGG	ATTGAATTTATTACTCTTTTAGG	....................	0	100.0	1.0	chrXIV	523276	523298	-	exon:YNL054W-A/YNL054W-B
 target71_chrXVI_848429_848579	121rev	ATTGAATTTATTACTCTTTTAGG	ATTGAATTTATTACTCTTTTGGG	....................	0	100.0	1.0	chrXIV	98372	98394	+	exon:YNL284C-B/YNL284C-A
 target71_chrXVI_848429_848579	121rev	ATTGAATTTATTACTCTTTTAGG	ATTGAGTTTATTACTCTTTTAGG	.....*..............	1	60.5	0.714285714	chrXII	477741	477763	+	exon:YLR157C-B/YLR157C-A
 target71_chrXVI_848429_848579	121rev	ATTGAATTTATTACTCTTTTAGG	ATTGAGTTTATTACTCTTTTAGG	.....*..............	1	60.5	0.714285714	chrXIII	200466	200488	-	exon:YML040W/YML039W
 target71_chrXVI_848429_848579	121rev	ATTGAATTTATTACTCTTTTAGG	ATTGAGTTTATTACTCTTTTAGG	.....*..............	1	60.5	0.714285714	chrXII	597276	597298	-	exon:YLR227W-A/YLR227W-B
 target71_chrXVI_848429_848579	121rev	ATTGAATTTATTACTCTTTTAGG	ATTGAGTTTATTACTCTTTTAGG	.....*..............	1	60.5	0.714285714	chrVII	539895	539917	-	exon:YGR027W-A/YGR027W-B
 target71_chrXVI_848429_848579	121rev	ATTGAATTTATTACTCTTTTAGG	ATTGAGTTTATTACTCTTTTAGG	.....*..............	1	60.5	0.714285714	chrXVI	806409	806431	+	exon:YPR137C-B/YPR137C-A
 target71_chrXVI_848429_848579	121rev	ATTGAATTTATTACTCTTTTAGG	ATTGAGTTTATTACTCTTTTAGG	.....*..............	1	60.5	0.714285714	chrXVI	60586	60608	-	exon:YPL257W-A/YPL257W-B
 target71_chrXVI_848429_848579	121rev	ATTGAATTTATTACTCTTTTAGG	ATTGAGTTTATTACTCTTTTAGG	.....*..............	1	60.5	0.714285714	chrXII	654957	654979	-	intergenic:YLR256W-A-tA(AGC)L
 target71_chrXVI_848429_848579	121rev	ATTGAATTTATTACTCTTTTAGG	ATTGAGTTTATTACTCTTTTAGG	.....*..............	1	60.5	0.714285714	chrX	476598	476620	-	exon:YJR026W/YJR027W
 target71_chrXVI_848429_848579	121rev	ATTGAATTTATTACTCTTTTAGG	ATTGAGTTTATTACTCTTTTAGG	.....*..............	1	60.5	0.714285714	chrIV	1210835	1210857	-	exon:YDR365W-A/YDR365W-B
 target71_chrXVI_848429_848579	121rev	ATTGAATTTATTACTCTTTTAGG	ATTGAGTTTATTACTCTTTTAGG	.....*..............	1	60.5	0.714285714	chrV	445164	445186	+	exon:YER138C/YER137C-A
 target71_chrXVI_848429_848579	121rev	ATTGAATTTATTACTCTTTTAGG	ATTGAGTTTATTACTCTTTTAGG	.....*..............	1	60.5	0.714285714	chrXV	121838	121860	-	exon:YOL103W-A/YOL103W-B
 target71_chrXVI_848429_848579	121rev	ATTGAATTTATTACTCTTTTAGG	ATTGAGTTTATTACTCTTTTAGG	.....*..............	1	60.5	0.714285714	chrI	162005	162027	+	exon:YAR009C
 target71_chrXVI_848429_848579	121rev	ATTGAATTTATTACTCTTTTAGG	ATTGAGTTTATTACTCTTTTAGG	.....*..............	1	60.5	0.714285714	chrIV	880067	880089	+	exon:YDR210C-D/YDR210C-C
 target71_chrXVI_848429_848579	121rev	ATTGAATTTATTACTCTTTTAGG	ATTGAGTTTATTACTCTTTTAGG	.....*..............	1	60.5	0.714285714	chrX	482182	482204	-	exon:YJR028W/YJR029W
 target71_chrXVI_848429_848579	121rev	ATTGAATTTATTACTCTTTTAGG	ATTGAGTTTATTACTCTTTTAGG	.....*..............	1	60.5	0.714285714	chrIV	988489	988511	+	exon:YDR261C-D/YDR261C-C
 target71_chrXVI_848429_848579	121rev	ATTGAATTTATTACTCTTTTAGG	ATTGAGTTTATTACTTTTTTAGG	.....*.........*....	2	0.8987	0.219780219912	chrXII	977504	977526	+	intergenic:tN(GUU)L-TUS1
 target71_chrXVI_848429_848579	121rev	ATTGAATTTATTACTCTTTTAGG	ATTGAGTTTATTACTTTTTTAGG	.....*.........*....	2	0.8987	0.219780219912	chrIV	875995	876017	-	exon:YDR210W-A/YDR210W-B
 target71_chrXVI_848429_848579	121rev	ATTGAATTTATTACTCTTTTAGG	ATTGAGTTTATTACTTTTTTAGG	.....*.........*....	2	0.8987	0.219780219912	chrXII	945366	945388	-	exon:YLR410W-A/YLR410W-B
 target71_chrXVI_848429_848579	121rev	ATTGAATTTATTACTCTTTTAGG	ATTGAGTTTATTACTTTTTTAGG	.....*.........*....	2	0.8987	0.219780219912	chrVI	142087	142109	-	exon:YFL002W-B/YFL002W-A
 target71_chrXVI_848429_848579	121rev	ATTGAATTTATTACTCTTTTAGG	ATTGAGTTTATTACTTTTTTAGG	.....*.........*....	2	0.8987	0.219780219912	chrIV	985345	985367	-	exon:YDR261W-A/YDR261W-B
 target71_chrXVI_848429_848579	121rev	ATTGAATTTATTACTCTTTTAGG	ATTGAGTTTATTACTTTTTTAGG	.....*.........*....	2	0.8987	0.219780219912	chrXV	705827	705849	+	exon:YOR192C-B/YOR192C-A
 target71_chrXVI_848429_848579	121rev	ATTGAATTTATTACTCTTTTAGG	ATTGAGTTTATTACTTTTTTAGG	.....*.........*....	2	0.8987	0.219780219912	chrIII	88985	89007	-	exon:YCL020W/YCL019W
 target71_chrXVI_848429_848579	121rev	ATTGAATTTATTACTCTTTTAGG	ATTGAGTTTATTACTTTTTTAGG	.....*.........*....	2	0.8987	0.219780219912	chrXIV	563795	563817	+	intergenic:tT(AGU)N2-tP(UGG)N2
 target71_chrXVI_848429_848579	121rev	ATTGAATTTATTACTCTTTTAGG	ATTGAGTTTATTACTTTTTTAGG	.....*.........*....	2	0.8987	0.219780219912	chrXV	974461	974483	-	exon:YOR343W-A/YOR343W-B
 target71_chrXVI_848429_848579	121rev	ATTGAATTTATTACTCTTTTAGG	ATTGAGTTTATTACTTTTTTAGG	.....*.........*....	2	0.8987	0.219780219912	chrVII	815621	815643	-	exon:YGR161W-A/YGR161W-B
 target71_chrXVI_848429_848579	121rev	ATTGAATTTATTACTCTTTTAGG	ATTGAGTTTATTACTTTTTTAGG	.....*.........*....	2	0.8987	0.219780219912	chrVII	570503	570525	+	intergenic:YGR038C-B/YGR038C-A-YGR039W
 target71_chrXVI_848429_848579	121rev	ATTGAATTTATTACTCTTTTAGG	ATTGAGTTTATTACTTTCTTAGG	.....*.........*.*..	3	0.0606446697966	0.0941915229137	chrII	33818	33840	-	exon:YBL100W-A/YBL100W-B
 target71_chrXVI_848429_848579	121rev	ATTGAATTTATTACTCTTTTAGG	ATTGAGTTTATTACTTTCTTAGG	.....*.........*.*..	3	0.0606446697966	0.0941915229137	chrIV	515451	515473	+	exon:YDR034C-D/YDR034C-C
 target71_chrXVI_848429_848579	121rev	ATTGAATTTATTACTCTTTTAGG	ATTGACTTTATAACTTATTTAGG	.....*.....*...**...	4	0.0282010435843	0.0596736597557	chrIV	449334	449356	+	intergenic:RMD1-NTH1
 target71_chrXVI_848429_848579	121rev	ATTGAATTTATTACTCTTTTAGG	ATTTATTTTATTTCTCCTTTCGG	...*.*......*...*...	4	0.135498221915	0.0550038197473	chrM	50143	50165	-	intergenic:VAR1-Q0142
 target71_chrXVI_848429_848579	121rev	ATTGAATTTATTACTCTTTTAGG	ATTTTATTTATTTCTCCTTTCGG	...**.......*...*...	4	0.223964003165	0.0280019446378	chrM	11538	11560	-	intergenic:tW(UCA)Q-Q0032
